pie	100.0	100.0	0.0	30.0
tow	99.0	99.0	1.0	78.0
gee	100.0	100.0	0.0	3.0
rye	100.0	100.0	0.0	7.0
mow	nan	nan	nan	0.0
cow	98.0	98.0	2.0	57.0
sow	93.0	93.0	7.0	15.0
ash	85.0	15.0	85.0	67.0
rue	100.0	0.0	100.0	11.0
egg	100.0	100.0	0.0	120.0
tee	62.0	38.0	62.0	8.0
bay	92.0	92.0	8.0	214.0
ray	98.0	98.0	2.0	228.0
key	99.0	99.0	1.0	1032.0
shy	100.0	100.0	0.0	74.0
row	100.0	100.0	0.0	0.0	370.0
arm	60.0	40.0	60.0	418.0
lay	83.0	83.0	17.0	0.0	340.0
bow	49.0	5.0	46.0	49.0	136.0
low	100.0	100.0	0.0	1726.0
arch	100.0	100.0	0.0	158.0
duff	nan	nan	nan	nan	0.0
khan	100.0	100.0	0.0	6.0
mace	100.0	100.0	0.0	11.0
fit	98.0	98.0	2.0	335.0
peer	98.0	98.0	2.0	245.0
tar	100.0	100.0	0.0	34.0
fore	98.0	98.0	2.0	91.0
tier	99.0	99.0	1.0	174.0
shore	53.0	53.0	47.0	295.0
gore	75.0	25.0	0.0	75.0	16.0
rare	99.0	99.0	1.0	571.0
sheer	75.0	25.0	75.0	59.0
rear	99.0	99.0	1.0	602.0
bore	71.0	71.0	23.0	5.0	1.0	150.0
jar	91.0	91.0	9.0	35.0
tear	97.0	3.0	97.0	61.0
bear	76.0	76.0	24.0	262.0
bar	100.0	100.0	0.0	640.0
fair	59.0	41.0	59.0	471.0
mid	100.0	100.0	0.0	1467.0
vale	100.0	100.0	7.0
wen	100.0	0.0	100.0	4.0
dug	99.0	99.0	1.0	82.0
lawn	100.0	100.0	0.0	40.0
pug	nan	nan	nan	0.0
shook	75.0	25.0	75.0	12.0
woof	100.0	0.0	100.0	2.0
rung	100.0	0.0	100.0	14.0
boon	100.0	100.0	0.0	8.0
cape	100.0	0.0	100.0	31.0
sash	56.0	44.0	56.0	9.0
toil	100.0	100.0	0.0	3.0
mite	100.0	0.0	100.0	3.0
cope	100.0	100.0	0.0	67.0
vice	100.0	100.0	0.0	469.0
perk	nan	nan	nan	nan	0.0
loon	nan	nan	nan	0.0
nun	100.0	100.0	0.0	49.0
lit	100.0	100.0	0.0	201.0
tot	86.0	14.0	86.0	7.0
rook	95.0	5.0	95.0	64.0
yen	100.0	100.0	0.0	22.0
gob	nan	nan	nan	0.0
whale	98.0	98.0	2.0	42.0
meal	97.0	97.0	3.0	110.0
hue	100.0	100.0	0.0	11.0
tit	100.0	100.0	0.0	5.0
fudge	100.0	0.0	100.0	2.0
ounce	100.0	100.0	0.0	34.0
loaf	100.0	100.0	0.0	13.0
pine	96.0	96.0	4.0	95.0
sock	99.0	99.0	1.0	98.0
mood	56.0	44.0	56.0	116.0
slew	100.0	100.0	0.0	0.0	15.0
cop	82.0	14.0	82.0	5.0	44.0
wit	98.0	98.0	2.0	40.0
gage	90.0	90.0	0.0	10.0	10.0
flaw	100.0	100.0	0.0	21.0
chute	100.0	100.0	0.0	0.0	7.0
cot	100.0	0.0	100.0	4.0
van	84.0	84.0	16.0	585.0
gull	100.0	100.0	0.0	8.0
haze	100.0	100.0	0.0	4.0
calf	67.0	33.0	67.0	24.0
rash	100.0	0.0	100.0	13.0
cab	100.0	100.0	0.0	67.0
kip	nan	nan	nan	nan	0.0
mum	100.0	100.0	0.0	0.0	9.0
cuff	64.0	36.0	64.0	11.0
dam	97.0	97.0	3.0	228.0
gill	84.0	84.0	16.0	19.0
chord	74.0	26.0	74.0	87.0
hock	50.0	50.0	50.0	2.0
league	100.0	100.0	0.0	2047.0
poop	100.0	100.0	0.0	0.0	0.0	5.0
dab	nan	nan	nan	0.0
weed	100.0	100.0	0.0	31.0
bud	85.0	85.0	15.0	26.0
ling	100.0	100.0	0.0	5.0
jag	nan	nan	nan	0.0
tart	100.0	0.0	100.0	8.0
reef	73.0	27.0	73.0	48.0
shark	51.0	51.0	49.0	55.0
rut	nan	nan	nan	0.0
sage	78.0	22.0	78.0	46.0
shin	83.0	83.0	17.0	6.0
verse	95.0	95.0	5.0	235.0
dove	95.0	95.0	5.0	21.0
gang	99.0	99.0	1.0	361.0
pike	62.0	62.0	38.0	0.0	0.0	16.0
pout	100.0	100.0	0.0	2.0
lark	100.0	100.0	0.0	2.0
pry	71.0	29.0	71.0	7.0
rape	100.0	100.0	0.0	165.0
cough	100.0	100.0	17.0
hip	66.0	33.0	2.0	66.0	254.0
nag	50.0	50.0	50.0	2.0
toll	99.0	1.0	99.0	164.0
cue	84.0	16.0	84.0	64.0
ham	68.0	68.0	32.0	19.0
palm	76.0	24.0	76.0	97.0
sap	65.0	65.0	35.0	20.0
pawn	99.0	1.0	99.0	71.0
jig	75.0	25.0	75.0	4.0
hale	100.0	100.0	0.0	5.0
lug	50.0	50.0	50.0	2.0
limb	93.0	93.0	7.0	29.0
vet	71.0	71.0	29.0	14.0
shag	100.0	0.0	100.0	2.0
mush	57.0	43.0	57.0	7.0
mode	100.0	100.0	0.0	390.0
pod	81.0	81.0	19.0	27.0
nap	89.0	89.0	11.0	9.0
gin	83.0	83.0	17.0	0.0	12.0
zip	100.0	100.0	0.0	20.0
gig	100.0	100.0	0.0	80.0
hide	64.0	64.0	36.0	184.0
peel	53.0	53.0	47.0	19.0
pen	71.0	71.0	29.0	118.0
shed	73.0	73.0	27.0	118.0
hawk	57.0	57.0	43.0	0.0	28.0
bus	100.0	100.0	0.0	741.0
hull	92.0	8.0	92.0	123.0
keen	100.0	100.0	0.0	133.0
sole	92.0	92.0	3.0	5.0	317.0
jade	67.0	33.0	67.0	51.0
wise	97.0	97.0	3.0	96.0
mail	99.0	99.0	1.0	275.0
fell	81.0	19.0	81.0	0.0	0.0	831.0
pet	100.0	100.0	0.0	97.0
fan	98.0	98.0	2.0	311.0
boil	100.0	100.0	0.0	16.0
pat	75.0	75.0	25.0	4.0
sin	66.0	66.0	34.0	64.0
lime	79.0	79.0	19.0	2.0	53.0
pip	100.0	100.0	0.0	0.0	0.0	0.0	4.0
rib	96.0	96.0	4.0	24.0
log	100.0	100.0	0.0	285.0
buff	100.0	100.0	0.0	9.0
peck	100.0	0.0	100.0	2.0
jet	97.0	97.0	3.0	189.0
tick	68.0	32.0	68.0	0.0	22.0
ban	71.0	29.0	71.0	0.0	300.0
bass	97.0	97.0	3.0	0.0	455.0
bush	85.0	85.0	15.0	53.0
yard	99.0	1.0	99.0	938.0
corn	87.0	87.0	13.0	150.0
size	98.0	98.0	2.0	1159.0
pose	100.0	100.0	0.0	105.0
page	57.0	43.0	57.0	2372.0
coil	100.0	100.0	0.0	46.0
forge	68.0	68.0	32.0	28.0
file	99.0	99.0	1.0	477.0
cat	100.0	100.0	0.0	199.0
bat	65.0	65.0	35.0	0.0	112.0
sheet	75.0	75.0	25.0	163.0
pot	99.0	99.0	1.0	69.0
jerk	100.0	100.0	0.0	18.0
rag	100.0	100.0	0.0	0.0	13.0
card	100.0	100.0	0.0	839.0
rail	91.0	91.0	0.0	9.0	553.0
firm	97.0	3.0	97.0	684.0
base	100.0	100.0	0.0	1498.0
soil	100.0	100.0	0.0	302.0
fry	67.0	33.0	67.0	6.0
bail	98.0	98.0	2.0	0.0	57.0
lash	100.0	100.0	0.0	5.0
hail	83.0	17.0	83.0	35.0
rate	100.0	100.0	0.0	894.0
foil	69.0	28.0	69.0	3.0	39.0
gall	80.0	0.0	20.0	80.0	5.0
cock	67.0	33.0	67.0	0.0	24.0
duck	59.0	41.0	59.0	0.0	75.0
nip	100.0	100.0	0.0	7.0
hop	97.0	97.0	3.0	228.0
bark	76.0	24.0	76.0	70.0
gag	83.0	83.0	17.0	29.0
mill	94.0	94.0	6.0	290.0
reel	90.0	90.0	5.0	5.0	39.0
jog	100.0	100.0	0.0	4.0
tag	74.0	74.0	26.0	224.0
rock	73.0	27.0	73.0	1371.0
buck	90.0	10.0	90.0	0.0	0.0	10.0
rake	100.0	100.0	0.0	0.0	14.0
lean	83.0	83.0	17.0	35.0
gum	56.0	56.0	44.0	45.0
cap	99.0	99.0	1.0	218.0
boom	85.0	85.0	15.0	95.0
mat	100.0	100.0	0.0	0.0	40.0
rap	71.0	29.0	0.0	71.0	99.0
race	96.0	96.0	4.0	1520.0
bowl	96.0	96.0	4.0	167.0
knot	94.0	94.0	6.0	16.0
pipe	91.0	91.0	9.0	91.0
heel	95.0	95.0	5.0	44.0
pool	97.0	3.0	97.0	308.0
jam	90.0	90.0	10.0	58.0
pad	70.0	70.0	30.0	47.0
pile	94.0	94.0	6.0	0.0	84.0
pit	98.0	98.0	2.0	146.0
lap	100.0	0.0	100.0	0.0	87.0
net	51.0	51.0	49.0	312.0
bang	100.0	100.0	0.0	16.0
dock	97.0	97.0	3.0	0.0	0.0	61.0
butt	75.0	20.0	75.0	5.0	0.0	20.0
sack	89.0	89.0	11.0	0.0	57.0
port	85.0	85.0	9.0	5.0	0.0	1.0	531.0
tip	87.0	87.0	0.0	13.0	0.0	159.0
lock	100.0	100.0	0.0	128.0
seal	95.0	95.0	5.0	198.0
root	98.0	98.0	2.0	0.0	195.0
bull	97.0	97.0	3.0	69.0
ring	96.0	96.0	4.0	498.0
shock	93.0	93.0	6.0	1.0	164.0
rush	97.0	97.0	3.0	107.0
hack	96.0	4.0	96.0	27.0
fly	92.0	92.0	8.0	333.0
tap	53.0	53.0	47.0	53.0
pack	99.0	99.0	1.0	207.0
blow	96.0	4.0	96.0	137.0
mark	99.0	99.0	1.0	375.0
lead	99.0	99.0	1.0	2134.0
chess	100.0	100.0	0.0	0.0	241.0
couch	100.0	100.0	24.0
chap	100.0	0.0	100.0	5.0
roach	89.0	11.0	89.0	9.0
hatch	43.0	43.0	39.0	18.0	67.0
chip	96.0	96.0	4.0	79.0
match	100.0	0.0	100.0	1876.0
chase	99.0	99.0	0.0	1.0	135.0
chuck	90.0	10.0	90.0	0.0	10.0
chop	100.0	100.0	0.0	0.0	18.0
hitch	76.0	76.0	24.0	25.0
pitch	92.0	92.0	8.0	301.0
bop	89.0	89.0	11.0	9.0
peaked	52.0	52.0	48.0	318.0
spear	99.0	99.0	1.0	86.0
steer	100.0	100.0	0.0	18.0
glare	89.0	89.0	11.0	9.0
stir	100.0	100.0	0.0	33.0
stole	68.0	32.0	68.0	84.0
sperm	68.0	32.0	68.0	78.0
brook	100.0	100.0	0.0	22.0
gram	62.0	62.0	38.0	24.0
stove	84.0	84.0	16.0	32.0
mule	74.0	26.0	74.0	27.0
spoke	88.0	88.0	12.0	378.0
clock	100.0	100.0	0.0	216.0
quail	100.0	100.0	0.0	51.0
rand	100.0	0.0	100.0	2.0
bride	100.0	100.0	0.0	66.0
bleak	100.0	0.0	100.0	26.0
twit	nan	nan	nan	0.0
hind	84.0	16.0	84.0	70.0
skate	75.0	25.0	75.0	28.0
tend	99.0	1.0	99.0	300.0
drove	91.0	9.0	91.0	229.0
prune	50.0	50.0	50.0	4.0
junk	100.0	100.0	0.0	27.0
freak	100.0	100.0	0.0	17.0
mast	85.0	85.0	15.0	52.0
deuce	100.0	100.0	0.0	2.0
plight	76.0	24.0	76.0	37.0
dent	100.0	100.0	0.0	2.0
frog	100.0	100.0	0.0	86.0
funk	98.0	2.0	98.0	41.0
prop	68.0	68.0	30.0	3.0	37.0
spade	80.0	20.0	80.0	10.0
tram	98.0	98.0	2.0	0.0	63.0
wax	92.0	8.0	92.0	178.0
swarm	100.0	100.0	0.0	20.0
fluke	100.0	0.0	100.0	0.0	5.0
frail	100.0	100.0	0.0	10.0
limp	83.0	17.0	83.0	6.0
quack	67.0	33.0	67.0	3.0
truck	100.0	100.0	0.0	285.0
cost	100.0	100.0	1039.0
raft	100.0	100.0	0.0	15.0
slug	100.0	100.0	0.0	4.0
scarf	62.0	38.0	62.0	0.0	8.0
sling	100.0	100.0	0.0	7.0
brake	97.0	97.0	3.0	0.0	64.0
paste	79.0	79.0	21.0	67.0
steep	100.0	100.0	0.0	126.0
toast	71.0	29.0	71.0	28.0
stern	100.0	0.0	100.0	62.0
wound	96.0	96.0	4.0	182.0
list	100.0	100.0	0.0	1871.0
cube	98.0	98.0	2.0	52.0
mint	78.0	22.0	78.0	36.0
pulse	100.0	100.0	0.0	90.0
drone	79.0	79.0	21.0	33.0
bluff	67.0	33.0	67.0	15.0
fleet	99.0	99.0	1.0	508.0
plot	99.0	99.0	1.0	612.0
pink	100.0	100.0	0.0	103.0
snuff	100.0	0.0	100.0	2.0
flock	100.0	100.0	0.0	37.0
slam	86.0	14.0	86.0	14.0
tense	65.0	35.0	65.0	75.0
halt	93.0	93.0	7.0	87.0
gloss	83.0	83.0	17.0	18.0
rent	83.0	83.0	17.0	113.0
grate	100.0	100.0	0.0	8.0
stalk	55.0	55.0	45.0	22.0
stoop	86.0	14.0	86.0	0.0	7.0
bunk	100.0	100.0	0.0	6.0
bent	95.0	95.0	5.0	44.0
slick	84.0	84.0	16.0	19.0
spat	100.0	100.0	0.0	0.0	0.0	7.0
troll	100.0	100.0	0.0	62.0
host	97.0	3.0	97.0	0.0	785.0
crab	100.0	100.0	0.0	23.0
bridge	99.0	99.0	1.0	1123.0
flight	100.0	100.0	0.0	832.0
flag	98.0	98.0	0.0	2.0	1.0	336.0
camp	100.0	100.0	0.0	780.0
test	100.0	100.0	0.0	951.0
band	98.0	98.0	2.0	4157.0
cant	100.0	100.0	0.0	28.0
vault	69.0	69.0	31.0	45.0
span	100.0	100.0	0.0	191.0
stud	85.0	15.0	85.0	27.0
spit	79.0	21.0	79.0	19.0
staff	100.0	100.0	0.0	1290.0
grave	89.0	89.0	9.0	1.0	1.0	223.0
spill	87.0	87.0	13.0	31.0
spray	90.0	90.0	10.0	51.0
plane	99.0	99.0	1.0	365.0
stake	65.0	35.0	65.0	127.0
drill	100.0	100.0	0.0	0.0	74.0
blaze	85.0	15.0	85.0	0.0	13.0
spell	90.0	9.0	1.0	90.0	284.0
bust	65.0	35.0	65.0	37.0
stem	98.0	98.0	2.0	0.0	130.0
pump	100.0	100.0	0.0	118.0
clip	53.0	47.0	53.0	60.0
count	99.0	99.0	1.0	318.0
trap	90.0	90.0	0.0	10.0	145.0
smack	100.0	100.0	0.0	0.0	0.0	2.0
mount	100.0	100.0	0.0	66.0
rank	100.0	100.0	0.0	558.0
box	97.0	97.0	3.0	0.0	768.0
fold	94.0	94.0	6.0	106.0
trace	100.0	100.0	0.0	146.0
stall	93.0	93.0	7.0	29.0
spike	91.0	91.0	9.0	33.0
brush	94.0	94.0	6.0	81.0
wind	85.0	85.0	15.0	447.0
flip	98.0	98.0	2.0	0.0	59.0
fret	62.0	0.0	38.0	62.0	8.0
bolt	100.0	100.0	0.0	64.0
bound	60.0	24.0	0.0	60.0	16.0	305.0
crash	100.0	100.0	0.0	394.0
slack	100.0	100.0	0.0	9.0
bank	71.0	29.0	71.0	748.0
scale	100.0	0.0	0.0	100.0	840.0
flush	93.0	0.0	93.0	0.0	7.0	27.0
pound	73.0	26.0	73.0	1.0	90.0
post	54.0	1.0	45.0	54.0	1714.0
press	99.0	99.0	1.0	699.0
slip	69.0	69.0	31.0	88.0
flat	97.0	97.0	3.0	479.0
stick	52.0	52.0	48.0	157.0
prayer	100.0	100.0	0.0	173.0
chump	nan	nan	nan	0.0
chink	100.0	0.0	100.0	2.0
launch	99.0	99.0	1.0	507.0
punch	78.0	78.0	22.0	0.0	54.0
clutch	84.0	84.0	16.0	55.0
scram	nan	nan	nan	0.0
midst	100.0	100.0	0.0	68.0
spank	100.0	100.0	0.0	2.0
strut	87.0	13.0	87.0	15.0
smelt	75.0	12.0	75.0	12.0	8.0
tract	93.0	93.0	7.0	96.0
stunt	97.0	3.0	97.0	60.0
spruce	100.0	100.0	0.0	46.0
cramp	50.0	50.0	50.0	2.0
stripe	100.0	100.0	0.0	71.0
scrap	79.0	21.0	79.0	53.0
squash	100.0	100.0	0.0	16.0
strip	99.0	1.0	99.0	235.0
graft	89.0	11.0	89.0	9.0
scrub	100.0	0.0	100.0	18.0
plump	50.0	50.0	50.0	6.0
strain	79.0	79.0	21.0	139.0
ground	100.0	100.0	0.0	1421.0
strand	50.0	50.0	50.0	42.0
alley	94.0	94.0	6.0	52.0
lying	64.0	36.0	64.0	261.0
rabble	100.0	100.0	0.0	3.0
gobble	nan	nan	nan	0.0
beetle	96.0	96.0	4.0	0.0	27.0
kitty	nan	nan	nan	0.0
mare	58.0	42.0	58.0	19.0
rose	72.0	28.0	72.0	342.0
pace	100.0	100.0	0.0	155.0
mate	100.0	100.0	0.0	146.0
sewer	97.0	97.0	3.0	102.0
tower	100.0	100.0	0.0	608.0
tire	54.0	54.0	46.0	69.0
utter	91.0	91.0	9.0	23.0
shower	66.0	34.0	66.0	53.0
bossy	100.0	0.0	0.0	100.0	5.0
cosy	100.0	100.0	2.0
tacky	100.0	0.0	100.0	3.0
noodle	62.0	62.0	38.0	8.0
caddy	100.0	100.0	0.0	11.0
dotty	nan	nan	nan	0.0
dory	91.0	91.0	9.0	11.0
hobby	81.0	81.0	19.0	59.0
barrow	100.0	100.0	0.0	0.0	20.0
buggy	100.0	100.0	0.0	6.0
coma	93.0	93.0	7.0	57.0
pussy	50.0	50.0	50.0	2.0
rifle	98.0	98.0	2.0	182.0
jerky	50.0	50.0	50.0	2.0
tuna	100.0	100.0	0.0	8.0
tattoo	94.0	94.0	6.0	77.0
bully	100.0	100.0	0.0	24.0
rocky	96.0	96.0	4.0	84.0
raven	100.0	100.0	0.0	34.0
cotton	100.0	100.0	158.0
burden	95.0	95.0	5.0	80.0
diet	97.0	97.0	3.0	132.0
lighten	60.0	40.0	60.0	5.0
riddle	93.0	93.0	7.0	14.0
angle	100.0	100.0	0.0	241.0
rally	100.0	100.0	0.0	128.0
settle	88.0	88.0	12.0	159.0
novel	99.0	99.0	1.0	1698.0
bugle	83.0	83.0	17.0	0.0	6.0
temple	98.0	98.0	2.0	0.0	504.0
staple	69.0	31.0	69.0	52.0
hiding	100.0	100.0	0.0	176.0
fuller	93.0	7.0	93.0	14.0
boring	100.0	100.0	0.0	48.0
thinner	97.0	97.0	3.0	31.0
bongo	100.0	0.0	100.0	2.0
tanner	100.0	100.0	0.0	3.0
poker	82.0	18.0	82.0	39.0
barker	100.0	100.0	0.0	2.0
prior	99.0	99.0	1.0	1062.0
bowler	99.0	99.0	1.0	117.0
liner	98.0	98.0	2.0	102.0
revere	100.0	100.0	0.0	5.0
cashier	53.0	53.0	47.0	15.0
ringer	100.0	0.0	100.0	6.0
lighter	89.0	89.0	11.0	129.0
rubber	70.0	70.0	30.0	98.0
mortar	70.0	70.0	30.0	88.0
elder	99.0	99.0	1.0	205.0
tucker	nan	nan	nan	0.0
putter	100.0	0.0	100.0	0.0	7.0
hooker	100.0	100.0	0.0	0.0	19.0
former	100.0	100.0	0.0	4623.0
batter	56.0	56.0	9.0	35.0	34.0
liver	91.0	91.0	9.0	0.0	179.0
buffet	100.0	0.0	100.0	8.0
meter	48.0	48.0	27.0	25.0	190.0
caper	100.0	100.0	0.0	5.0
turner	100.0	100.0	0.0	2.0
porter	100.0	100.0	0.0	11.0
beaver	100.0	100.0	0.0	16.0
buffer	100.0	100.0	0.0	54.0
repair	81.0	81.0	19.0	278.0
bowman	100.0	0.0	100.0	5.0
cottage	100.0	100.0	77.0
felon	75.0	75.0	25.0	4.0
rejoin	100.0	100.0	0.0	43.0
pupil	93.0	93.0	7.0	148.0
council	100.0	100.0	696.0
limbo	100.0	100.0	0.0	16.0
husky	100.0	100.0	0.0	3.0
rating	100.0	100.0	0.0	635.0
funky	100.0	0.0	100.0	12.0
pitcher	97.0	3.0	97.0	129.0
piano	96.0	4.0	96.0	382.0
earnest	53.0	53.0	47.0	30.0
undone	80.0	80.0	20.0	10.0
supply	100.0	100.0	0.0	687.0
lining	56.0	44.0	56.0	43.0
quarry	88.0	88.0	12.0	0.0	56.0
desert	83.0	83.0	17.0	1.0	184.0
colon	82.0	82.0	6.0	12.0	17.0
maroon	56.0	56.0	44.0	9.0
affect	100.0	100.0	0.0	234.0
wrinkle	60.0	40.0	60.0	5.0
rocket	99.0	99.0	1.0	126.0
stable	51.0	49.0	51.0	294.0
relief	95.0	95.0	5.0	318.0
swallow	72.0	72.0	28.0	18.0
counsel	100.0	100.0	88.0
boxing	83.0	17.0	83.0	172.0
sounding	78.0	22.0	78.0	65.0
flatter	78.0	22.0	78.0	18.0
banker	93.0	93.0	7.0	0.0	84.0
hamper	83.0	83.0	17.0	12.0
painter	99.0	99.0	1.0	325.0
lumber	100.0	100.0	0.0	70.0
skipper	100.0	100.0	0.0	5.0
dresser	83.0	83.0	17.0	6.0
jumper	79.0	79.0	21.0	34.0
founder	55.0	43.0	55.0	2.0	766.0
counter	77.0	23.0	1.0	77.0	342.0
tender	44.0	15.0	41.0	44.0	85.0
taxis	100.0	100.0	0.0	15.0
costly	100.0	100.0	84.0
repent	100.0	100.0	0.0	4.0
cortex	100.0	100.0	29.0
cosmic	100.0	100.0	40.0
cocktail	77.0	77.0	23.0	52.0
cosmos	100.0	100.0	14.0
refrain	75.0	75.0	25.0	40.0
cricket	98.0	2.0	98.0	491.0
refund	100.0	100.0	0.0	6.0
intent	100.0	0.0	100.0	203.0
converse	92.0	8.0	92.0	12.0
commune	100.0	0.0	100.0	92.0
incense	88.0	12.0	88.0	24.0
console	93.0	7.0	93.0	131.0
refuse	95.0	95.0	5.0	110.0
impress	94.0	94.0	6.0	35.0
corrupt	100.0	100.0	98.0
present	100.0	100.0	0.0	2121.0
strapping	100.0	100.0	0.0	2.0
exploit	100.0	0.0	100.0	62.0
entrance	100.0	100.0	0.0	431.0
costume	100.0	100.0	154.0
content	99.0	99.0	1.0	877.0
compact	99.0	99.0	1.0	122.0
compound	96.0	96.0	4.0	209.0
pro	86.0	86.0	14.0	466.0
rip	91.0	91.0	9.0	0.0	22.0
opera	100.0	100.0	0.0	554.0
policy	100.0	100.0	0.0	1277.0
capital	100.0	100.0	0.0	1204.0
affected	51.0	51.0	49.0	451.0
retainer	82.0	82.0	18.0	11.0
stamina	100.0	100.0	0.0	25.0
titanic	100.0	0.0	100.0	4.0
corporal	70.0	30.0	70.0	23.0
invalid	81.0	19.0	81.0	57.0
intimate	96.0	96.0	4.0	71.0
corruption	100.0	100.0	159.0
imperial	95.0	95.0	0.0	5.0	141.0
sec	100.0	0.0	100.0	18.0
cosmetic	100.0	100.0	28.0
multiply	100.0	100.0	0.0	16.0
temporal	86.0	86.0	14.0	74.0
pop	54.0	54.0	46.0	0.0	542.0
